51250209608375000103550010000047101000141304
51250209608375000103550010000047111000141336
51250209608375000103550010000047191000141571
51250209608375000103550010000047121000141368
51250209608375000103550010000047131000141390
51250209608375000103550010000047141000141427
51250209608375000103550010000047151000141459
51250209608375000103550010000047161000141480
51250209608375000103550010000047171000141518
51250209608375000103550010000047181000141540
51250209608375000103550010000047291000141870
51250209608375000103550010000047201000141602
51250209608375000103550010000047211000141634
51250209608375000103550010000047221000141666
51250209608375000103550010000047231000141698
51250209608375000103550010000047241000141725
51250209608375000103550010000047251000141757
51250209608375000103550010000047261000141789
51250209608375000103550010000047271000141816
51250209608375000103550010000047281000141848